0.0 -0.6
1.0 -0.7
2.0 -0.20000000000000007
3.0 -0.4
4.0 1.6
5.0 1.7
6.0 -0.30000000000000004
7.0 1.6
8.0 1.6
9.0 1.6
10.0 -0.30000000000000004
11.0 1.6
12.0 1.4
13.0 1.7999999999999998
14.0 1.5
15.0 1.7
16.0 1.6
17.0 1.7999999999999998
18.0 1.4
19.0 1.5
20.0 1.6
21.0 1.6
22.0 1.7
23.0 1.2999999999999998
24.0 1.2999999999999998
25.0 1.4
26.0 1.7999999999999998
27.0 1.2999999999999998
28.0 1.5
29.0 1.7
30.0 1.4
31.0 1.5
32.0 1.4
33.0 1.2999999999999998
34.0 1.6
35.0 1.6
36.0 1.2999999999999998
37.0 1.6
38.0 1.5
39.0 1.7999999999999998
40.0 1.5
41.0 1.6
42.0 1.2999999999999998
43.0 1.7
44.0 1.7999999999999998
45.0 1.6
46.0 1.4
47.0 1.6
48.0 1.7
49.0 1.5
50.0 1.6
51.0 1.6
52.0 1.4
53.0 1.7999999999999998
54.0 1.4
55.0 1.4
56.0 1.4
57.0 1.5
58.0 1.7999999999999998
59.0 1.5
60.0 1.6
61.0 1.6
62.0 1.5
63.0 1.6
64.0 1.4
65.0 1.7999999999999998
66.0 1.5
67.0 1.5
68.0 1.4
69.0 1.7
70.0 1.6
71.0 1.5
72.0 1.4
73.0 1.4
74.0 1.7999999999999998
75.0 1.6
76.0 1.4
77.0 1.5
78.0 1.6
79.0 1.5
80.0 1.4
81.0 1.5
82.0 1.5
83.0 1.4
84.0 1.5
85.0 1.6
86.0 1.6
87.0 1.6
88.0 1.6
89.0 1.4
90.0 1.4
91.0 1.5
92.0 1.6
93.0 1.6
94.0 1.4
95.0 1.5
96.0 1.7999999999999998
97.0 1.4
